26
143
792
1016
1088
1164
1231
1376
1457
1633
1815
2255
2464
2698
2699
2859
2924
3250
3322
3534
3732
3826
3867
3929
3955
3975
4019
4045
4070
4099
4141
4160
4184
4199
4220
4273
4286
4356
4413
4475
4525
4659
4951
5055
5148
5280
5424
5523
5563
5638
5727
5811
5936
5992
6107
6463
6668
6852
6913
7017
7140
7199
7348
7460
7525
7624
7771
7884
7977
8041
8089
8174
8229
8309
8380
8400
8426
8435
8503
8586
8632
8666
8706
8737
8779
8845
8900
8928
9003
9099
9143
9187
9193
9258
9330
9397
9443
9469
9511
9551
9595
9643
9688
9734
9785
9880
9923
9957
9972
10017
10059
10087
10114
10153
10186
10208
10241
10265
10307
10433
10436
10470
10555
10729
10810
10862
10913
10975
11016
11299
11375
11430
11482
11534
11584
11799
11839
11871
12000
12346
12477
12707
13611
13812
13936
13959
13990
14025
14100
14161
14196
14247
14290
14325
14378
14437
15115
15154
15184
15205
15239
15275
15323
15348
15385
15435
15486
15637
15722
15753
15803
15824
15855
15878
15908
15923
15966
15987
15999
16025
16074
16100
16147
16196
16270
16390
16455
16501
16561
16658
16703
16745
16789
16841
16888
16957
17040
17140
17181
17269
17306
17366
17470
17627
17971
18068
18134
18192
18334
18380
18424
18477
18523
18582
18659
18693
18807
18873
18915
18967
19022
19076
19113
19205
19263
19358
19440
19577
19636
19707
19768
19783
19827
19858
19925
19976
20089
20256
20359
20570
20655
20743
20792
20855
20895
21023
21105
21225
21290
21330
21370
21452
21516
21586
21714
21854
21933
22433
22544
23131
23205
23261
23332
23521
23598
23648
23798
23835
23902
23954
24015
24055
24094
24119
24155
24179
24224
24264
24301
24358
24400
24410
24436
24452
24487
24526
24571
24597
24618
24822
24866
24907
24940
24979
25070
25105
25153
25206
25284
25336
25454
25517
25608
25767
25843
25905
25983
26029
26096
26158
26243
26410
26457
26521
26675
26817
26966
27038
27273
27595
27658
27739
27836
27944
28010
28133
28209
28239
28317
28392
28459
28678
28738
28797
28859
29031
29142
29272
29341
29544
29685
29880
30150
30257
30326
30449
30571
30654
30794
30976
31126
31216
31453
31533
31605
31819
31901
31970
32596
32841
32893
32977
33022
33134
33191
33234
33304
33418
33482
33542
33557
33590
33648
33677
33809
33833
33941
34033
34083
34117
34180
34211
34235
34284
34307
34385
34421
34496
34597
34632
34673
34708
34817
34902
34945
35001
35065
35115
35143
35163
35190
35341
35607
35668
35802
35922
36022
36085
36155
36309
36465
36557
36617
36658
36681
36758
36797
36864
36923
37025
37090
37152
37193
37225
37321
37414
37456
37499
37555
37854
37873
37895
37916
38041
38099
38141
38216
38293
38432
38479
38505
38541
38580
38608
38669
38704
38745
38788
38834
38870
38909
38981
39011
39043
39097
39151
39206
39233
39307
39334
39414
39470
39534
39651
39772
39837
39991
40039
40074
40129
40195
40251
40305
40397
40434
40465
40497
40593
40686
40716
40757
40789
40828
40852
40881
40906
40951
41002
41036
41062
41105
41163
41214
41250
41297
41397
41778
41886
42159
42389
42477
42536
42642
42756
42919
42974
43003
43044
43187
43384
43427
43469
43572
43745
44032
44262
44442
44572
44767
44940
45143
45187
45274
45459
45516
45542
45590
45611
45656
45765
45930
45980
46214
46295
46477
46574
46690
46825
46883
46944
47052
47153
47264
47480
47540
47598
47695
47756
47859
48019
48244
48310
48360
48396
48477
48583
48645
48697
48748
48814
48965
49079
49150
49302
49363
49419
49485
49517
49551
49622
49727
49818
49872
49956
50123
50207
50270
50342
50418
50511
50701
50814
51076
51499
51617
51743
51909
52092
52165
52225
52280
52330
52418
52505
52560
52643
52715
52777
52963
53106
53190
53242
53395
53479
53548
53652
53723
53853
53926
53987
54078
54125
54192
54266
54394
54507
54615
54932
55574
55662
55722
55817
55977
56187
56274
56376
56569
56650
56745
56958
57233
57282
57322
57376
57427
57496
57589
57707
57909
57998
58088
58185
58278
58337
58381
58430
58475
58527
58597
58638
58670
58727
58744
58755
58783
58939
58972
59004
59036
59077
59161
59232
59262
59294
59435
59535
59606
59724
59762
59819
59859
59904
59971
60024
60151
60243
60315
60357
60550
60586
60666
61295
61335
61476
61529
61611
61662
61956
62012
62076
62125
62290
62461
62543
62649
62918
62958
63020
63062
63353
63576
63716
63850
64135
64256
64295
64366
64420
64581
64648
64703
64751
64782
64852
64887
64940
64979
65020
65084
65115
65181
65227
65279
65315
65363
65437
65511
65541
65633
65678
65752
65807
65918
65992
66095
66121
66175
66218
66265
66334
66368
66440
66518
66583
66637
66794
66992
67079
67092
67144
67178
67216
67243
67266
67310
67354
67403
67448
67576
69102
69202
69261
69364
69727
69859
69958
70076
70125
70191
70274
70377
70447
70515
70663
71383
71481
71930
72376
72421
72457
72492
72663
72712
72827
72877
72912
72970
73012
73071
73122
73160
73200
73237
73291
73403
73474
73536
73562
73716
73767
73818
73897
73941
73984
74013
74040
74129
74168
74206
74248
74262
74338
74360
74391
74477
74501
74549
74565
74584
74622
74671
74707
74754
74771
74789
74811
74818
74830
74859
74894
74917
74936
74977
74994
75019
75039
75061
75128
75305
75383
75435
75482
75535
75578
75629
75712
75766
75943
75995
76041
76081
76148
76227
76267
76311
76339
76385
76488
76549
76605
76671
76715
76774
76817
76896
76942
76997
77031
77105
77153
77277
77388
77773
77889
78119
78211
78334
78476
78721
78784
78943
79000
79125
79214
79550
79576
79631
79670
79722
79790
79881
79961
80068
80193
80333
80445
80612
80869
81101
81191
81241
81366
81433
81489
81522
81744
81804
81901
82154
82200
82283
82424
82951
83060
83122
83206
83323
83470
83536
83577
83642
83739
83865
83913
83952
83978
84022
84091
84146
84185
84286
84422
84506
84593
84637
84691
84751
84790
84836
84884
84929
85011
85055
85152
85189
85226
85266
85337
85461
85507
85643
85673
85734
85821
85885
85908
85953
85976
86024
86043
86072
86111
86127
86160
86186
86218
86241
86304
86332
86383
86411
86450
86482
86538
86567
86599
86638
86676
86720
86837
86888
86945
86975
87107
87137
87209
87323
87539
87575
87611
87635
87659
87683
87707
87731
87755
87779
87803
87827
87851
87875
87899
87923
87947
87971
87995
88019
88091
88115
88139
88163
88187
88211
88235
88307
88355
88379
88403
88427
88451
88475
88499
88523
88547
88549
88605
88618
